# This is the first test case that i ran, it currently has the values for Jtrain and JCV. 
# for the values from 10 to 100 where the values represent the number of nodes in the hidden layer
# 
# Created by Octave 3.8.2, Thu May 14 12:35:42 2015 EDT <ahmed@Ahmeds-MacBook-Pro.local>
# name: JCV
# type: matrix
# rows: 91
# columns: 1
 1.008844441276371
 0.9904288238341447
 0.9816500951640015
 0.9707630515149135
 1.009606658061282
 1.04549991609935
 1.007025894706589
 1.045180953421936
 1.037957202362999
 1.093808318193967
 1.043403076050088
 1.073073821469927
 0.9886339020395907
 1.135476630989974
 1.113339153913421
 1.092063638869579
 1.089203728322649
 1.020856078474687
 1.029996255162586
 1.080501835683578
 1.060691739793529
 1.085513230258035
 1.03271942133551
 1.075743288204918
 1.056930403947446
 1.053435009924429
 1.004940407538921
 1.006299344083024
 0.9481325456220193
 1.013995391981865
 0.9462349096401558
 1.022975020429489
 0.9523269678537982
 0.9391051142540938
 0.9528472217861762
 0.9566362906568092
 0.9295341374162234
 0.9122825354015777
 0.9469735642925757
 0.8972574021215569
 0.9159151948400498
 0.8663943051094471
 0.878401580160215
 0.891441351808254
 0.8700352580109634
 0.8486804790098936
 0.8831580224090347
 0.8713831478101619
 0.8588507676123192
 0.8400033256453809
 0.8482536776514933
 0.8273602187523639
 0.8312480165214753
 0.8212316787427356
 0.8202580861968389
 0.8153261784495136
 0.8155945999717296
 0.8235183103491717
 0.7745777378813707
 0.8065619483111042
 0.7984960049184853
 0.7980414147961865
 0.7746398232810647
 0.7770072689286253
 0.7736187954916731
 0.7687853156061276
 0.7615595626082439
 0.7732562577830024
 0.7711753120173068
 0.7800740647450447
 0.7645448138167956
 0.7654812667749474
 0.7388298031819713
 0.7491642507097607
 0.7457041672975844
 0.7359587279410478
 0.7453894529505218
 0.7383501373465446
 0.7608810098582106
 0.7142037251608726
 0.7264068762458087
 0.728216745552936
 0.7132287039285443
 0.7245687952820075
 0.7278673037670147
 0.7189475088792784
 0.705441602159155
 0.7198147591630178
 0.7188196805617744
 0.7105674552816161
 0.7096083605680075


# name: Jtrain
# type: matrix
# rows: 91
# columns: 1
 0.480865900410979
 0.3617766115082236
 0.3341051278531938
 0.3033590621415135
 0.3103029245241387
 0.2726309032869288
 0.2402531742760234
 0.2524328206590123
 0.2169691822768828
 0.2071560221227989
 0.2043388427548416
 0.1973952637777358
 0.2344527519224282
 0.1674117451814228
 0.1594973479155386
 0.1638207009835179
 0.162357147843058
 0.1556967242765084
 0.1721523472651496
 0.1433138835046661
 0.1357502402356163
 0.1381295412138914
 0.1527400349582801
 0.1215806308702507
 0.1288767199689857
 0.1216354093051001
 0.1188466997153952
 0.132586226917252
 0.1108143161626658
 0.115852619557168
 0.1110106928890377
 0.1164747760378655
 0.1040303216874741
 0.1066407480166496
 0.1057665746872918
 0.1055838900597807
 0.1021789764807443
 0.09934936823172558
 0.09957587450013328
 0.09685230888564601
 0.09674920862625372
 0.09494532109689501
 0.09536073634019988
 0.09740266747805459
 0.09362172363270205
 0.09333570204925888
 0.09412987920803415
 0.09298104273364834
 0.09118366212570944
 0.08876777250810058
 0.08828502418564367
 0.0870790099445311
 0.08781469685359648
 0.08847840293905439
 0.08711500113859652
 0.0857472332795457
 0.0851211480969267
 0.08516036993915503
 0.08355273265004187
 0.08493840615921569
 0.08336672599890302
 0.08396756641371222
 0.08245043922498817
 0.08245370670822609
 0.08225753674807583
 0.08168552830144282
 0.081071400505154
 0.08049140891999412
 0.08054439453916343
 0.0817967154413379
 0.08108654650733331
 0.07971310229609693
 0.07887707598507882
 0.07869747666001749
 0.07790467058622964
 0.07777580964448223
 0.07808761213060603
 0.07837798645952106
 0.07903496849346059
 0.07684236692324456
 0.07571205492649077
 0.07656242742304689
 0.07654631101243828
 0.07637960762741547
 0.07767683332988765
 0.07677589671620856
 0.07565821723125639
 0.07637502201746617
 0.07528762571840733
 0.07468210624732571
 0.07481710620067382


